$ANSIBLE_VAULT;1.1;AES256
36643463336433343033306630663230373231373162313934376361343835386235376431316530
3035323966386461626531383939653735303263313634650a366161613565363731633261623766
62343162323631376331316131646330656661343531333761646366316264326530333762656632
3534333938386635640a656638623865633262306437653061346664393532653064656135633930
35383837373530663434386539383961356335373333323565623864346365376439653230666161
30386537326362643134383238376634623365333661643761663238343364646133363937373231
33633731386630356533306131616661333965393835626663366633383534343365623339313065
31656666663565663539373833626562396166396133353565353338383866643137653863363964
64616338326334326638383462303731623463366333326561376533373232646662356466323238
33656232373162333662373731313832653938346231306463643832643466376132316264333061
63646432316531376231306664383632616436326532303236643364323530356234306533393065
33326130663331373932376363646533663264613462336263326566343330343034353865343535
31336431353365313763353330643262623235356635626134303732623862363037643435646461
36323132323235343832343532653535326438313261336562623834633565373931396639333132
38633131666636343138616237326633613032393039646163333536366436666265363865363030
39616336626339386236386633653037343931343062663639663737386163363762393164623265
37643133646439663531353665396332336231643363333264353832393133613433643730316361
66366439323238643561656339373930363232333538326166353633373131633861323132633963
64323534653533366230666635623033653835373766323065363364386137653564326630643661
38333732333439666536656332616439376533366564383163396363626631333431643733356136
63303330323136323266343262653134626562356565366636346639333331643737353661646431
32343763366664306432363062326531633634613163623666613031373239626436313361656563
32653165613962353063613836616465663265306664616163373032313564303830383835383536
31636463623366623566376639616634386166666333353030623739633266616136643237636561
3935
